      0.00 320608254.95
      0.08 314228150.68
      0.16 307912168.06
      0.24 301660307.08
      0.32 295472567.76
      0.40 289348950.09
      0.48 283289454.08
      0.56 277294079.71
      0.64 271362826.99
      0.72 265495695.93
      0.80 259692686.51
      0.88 253953798.75
      0.96 248279032.63
      1.04 242668388.17
      1.12 237121865.36
      1.20 231639464.20
      1.28 226221184.69
      1.36 220867026.84
      1.44 215576990.63
      1.52 210351076.07
      1.60 205189283.17
      1.68 200091611.92
      1.76 195058062.31
      1.84 190088634.36
      1.92 185183328.06
      2.00 180342143.41
      2.08 175565080.41
      2.16 170852139.06
      2.24 166203319.37
      2.32 161618621.32
      2.40 157098044.93
      2.48 152641590.18
      2.56 148249257.09
      2.64 143921045.65
      2.72 139656955.86
      2.80 135456987.72
      2.88 131321141.23
      2.96 127249416.39
      3.04 123241813.20
      3.12 119298331.67
      3.20 115418971.78
      3.28 111603733.55
      3.36 107852616.97
      3.44 104165622.03
      3.52 100542748.75
      3.60  96983997.12
      3.68  93489367.14
      3.76  90058858.82
      3.84  86692472.14
      3.92  83390207.11
      4.00  80152063.74
      4.08  76978042.01
      4.16  73868141.94
      4.24  70822363.52
      4.32  67840706.75
      4.40  64923171.63
      4.48  62069758.16
      4.56  59280466.34
      4.64  56555296.17
      4.72  53894247.66
      4.80  51297320.79
      4.88  48764515.58
      4.96  46295832.02
      5.04  43891270.10
      5.12  41550829.84
      5.20  39274511.23
      5.28  37062314.27
      5.36  34914238.96
      5.44  32830285.31
      5.52  30810453.30
      5.60  28854742.95
      5.68  26963154.24
      5.76  25135687.19
      5.84  23372341.79
      5.92  21673118.03
      6.00  20038015.93
      6.08  18467035.49
      6.16  16960176.69
      6.24  15517439.54
      6.32  14138824.04
      6.40  12824330.20
      6.48  11573958.00
      6.56  10387707.46
      6.64   9265578.57
      6.72   8207571.33
      6.80   7213685.74
      6.88   6283921.80
      6.96   5418279.51
      7.04   4616758.87
      7.12   3879359.88
      7.20   3206082.55
      7.28   2596926.87
      7.36   2051892.83
      7.44   1570980.45
      7.52   1154189.72
      7.60    801520.64
      7.68    512973.21
      7.76    288547.43
      7.84    128243.30
      7.92     32060.83
      8.00         0.00
