      0.00 321322876.30
      0.08 314928551.06
      0.16 308598490.40
      0.24 302332694.31
      0.32 296131162.80
      0.40 289993895.86
      0.48 283920893.50
      0.56 277912155.71
      0.64 271967682.50
      0.72 266087473.86
      0.80 260271529.80
      0.88 254519850.32
      0.96 248832435.41
      1.04 243209285.07
      1.12 237650399.31
      1.20 232155778.13
      1.28 226725421.52
      1.36 221359329.48
      1.44 216057502.02
      1.52 210819939.14
      1.60 205646640.83
      1.68 200537607.10
      1.76 195492837.94
      1.84 190512333.36
      1.92 185596093.35
      2.00 180744117.92
      2.08 175956407.06
      2.16 171232960.78
      2.24 166573779.07
      2.32 161978861.94
      2.40 157448209.39
      2.48 152981821.41
      2.56 148579698.00
      2.64 144241839.17
      2.72 139968244.92
      2.80 135758915.24
      2.88 131613850.13
      2.96 127533049.60
      3.04 123516513.65
      3.12 119564242.27
      3.20 115676235.47
      3.28 111852493.24
      3.36 108093015.59
      3.44 104397802.51
      3.52 100766854.01
      3.60  97200170.08
      3.68  93697750.73
      3.76  90259595.95
      3.84  86885705.75
      3.92  83576080.13
      4.00  80330719.07
      4.08  77149622.60
      4.16  74032790.70
      4.24  70980223.37
      4.32  67991920.62
      4.40  65067882.45
      4.48  62208108.85
      4.56  59412599.83
      4.64  56681355.38
      4.72  54014375.51
      4.80  51411660.21
      4.88  48873209.48
      4.96  46399023.34
      5.04  43989101.77
      5.12  41643444.77
      5.20  39362052.35
      5.28  37144924.50
      5.36  34992061.23
      5.44  32903462.53
      5.52  30879128.41
      5.60  28919058.87
      5.68  27023253.90
      5.76  25191713.50
      5.84  23424437.68
      5.92  21721426.44
      6.00  20082679.77
      6.08  18508197.67
      6.16  16997980.16
      6.24  15552027.21
      6.32  14170338.84
      6.40  12852915.05
      6.48  11599755.83
      6.56  10410861.19
      6.64   9286231.13
      6.72   8225865.63
      6.80   7229764.72
      6.88   6297928.38
      6.96   5430356.61
      7.04   4627049.42
      7.12   3888006.80
      7.20   3213228.76
      7.28   2602715.30
      7.36   2056466.41
      7.44   1574482.09
      7.52   1156762.35
      7.60    803307.19
      7.68    514116.60
      7.76    289190.59
      7.84    128529.15
      7.92     32132.29
      8.00         0.00
